000000000000000000000000000000000000000000000000001001001001001001001000000000000000000000000000000000000000000000
000000000000000000000000000000000000000000000001001001001001001001001001000000000000000000000000000000000000000000
000000000000000000000000000000000000000000001001010010001001001010010001001000000000000000000000000000000000000000
000000000000000000000000000000000000000001001010010010010001010010010010001001000000000000000000000000000000000000
000000000000000000000000000000000010010001010010010011011010011011010010010001010010000000000000000000000000000000
000000000000000000000000000000010010010001001010010011001010001011010010001001010010010000000000000000000000000000
000000000000000000000000000000010010010001001010010010010010010010010010001001010010010000000000000000000000000000
000000000000000000000000000010001001010010010010010010001001001010010010010010010001001001000000000000000000000000
000000000000000000000010010001001010010010010010010010010010010010010010010010010010001001010010000000000000000000
000000000000000000010001001001001010010010001001001001001001001001001001001010010010001001001001010000000000000000
000000000000010010001001001001001010010001010010010010010010010010010010010001010010001001001001001010010000000000
000000000010001001001001001001001001001010010010010010010010010010010010010010001001001001001001001001001010000000
000000010001001001001001001001001001001010010010010010010010010010010010010010001001001001001001001001001001000000
000000010001001001001001001001001001001001001010010010010010010010010010001001001001001001001001001001001001000000
000000010001001001001001001001001001001001001001001001001001001001001001001001001001001001001001001001001001000000
000000001001001001001001001001001001001001001001001001001001001001001001001001001001001000001001001001001001000000
000010001001001001001001001000001001001001001001001001001001001001001001001001001001001000001001001001001001010000
000010001001001001001001001000001001010010010010010001001001001001010010010010010001001001001001001001001001010000
000010001001001001001001000000001001010010010010010010001001001010010010010010010001001001000001001001001001010000
000010001001001001001001000000001001010010010010010010001001001010010010010010010001001001000001001001001001010000
000000001001001001001001010000001001010010001010010010001001001010010010001010010001001001010001001001001001000000
000000010001001001001001010000001001010010010001001001001001001001001001010010010001001001010001001001001001000000
000000010001001001001001001010001001001101001100100100100100100100100100001101001001001001001001001001001001000000
000000010001001001001001001001010010001101100100100100100100100100100100100101001010010010001001001001001001000000
000000000000001001001001010010010001100101001001001001001001001001001001001101100001010010010001001001001000000000
000000000010010001001001010001001001001101001001001001001001001001001001001101001001001010010001001001010010000000
000000000010001010001001010010001001001101001001001001001001001001001001001101001001001010010001001010001010000000
000000000010001001010001010010001001100101001001001001001001001001001001001101100001001010010001010001001010000000
000000000000001001001001001010010001001101100100100100100100100100100100100101001001010010001001001001001000000000
000000000000001001001001001001010001001101001100100100100100100100100100001101001001010001001001001001001000000000
000000010001010010001001001010001010000000001001001001001001001001001001001000000000010001010001001001010001000000
000010001010010001010010010010010010000000000000000000000000000000000000000000000000010010010010010010010010010000
010001010010010010010010010010010000000000000000000000000000000000000000000000000000000010010010010010010010001010