000000000000000000000000000000000000000000000000000000000000010101010100000000000000
000000000000000000000000000000000000000000000000000000000101010101010101000000000000
000000000000000000000000000000000000000000000000000000010101010101101010000000000000
000000000000000000000000000000000000000000000010101010010101011010101010100000000000
000000000000000000000000000000000000000010101010010101010101101010101111100000000000
000000000000000000000000000000000000101001010101010101101001011010101101100101000000
000000000000000000000000000000000010010101010101010110101010010110101010101010100000
000000000000000000000000000000001001010101101001010110101010010101101010101010101000
000000000000000000000000000000100101010101100101010101011001010101011010101010101000
000000000000000000000000000000100101010101100101010101011010010101101010101010101010
000000000000000000000000000010010101010101100101010101010110100110101010010101010110
000000000000000000000000000010010101010101100101010101010101101010101001101010101000
000000000000000000000000000010010101010101100101010101010101011010100110101010100000
000000000000000000000000001010010101010101101001010101010101011010101010101010000000
000000000000000000000000001001010101010101011001010101010101010110101010000000000000
000000000000000000000000101001010101010101011010010101010101010101000000000000000000
000000000000000000000010010101010101010101010110100101010101010101010000000000000000
000000000000000000001001010101010101010101010101101001010101010101010000000000000000
000000000000000000010101010101010101010101010101011010010101010101010100000000000000
000000000000000001010101010101010101010101010101011010010101010101010100000000000000
000000000000000101010101010101010101010101010101011010100101010101010101000000000000
000000000000000101010101010101010101010101010110101010011001010101010101010000000000
000000000000010101010101010101010101010101101010101010101010010101010101010000000000
000000000001010101010101010101010101011010101010101010100101100101010101010100000000
000000000101010101010101010101010110101010101010100101010101000101010101010110101010
001001010101010101010101010101011010101010101001010101010101000001010101011010101010
011001010101010101010101010101011010101010010101010101010101010000010101010110100000
011010010101010101010101010101000000000000000001010101010101010000000101011010100000
011010010101010101010101010100000000000000000101010101010101010000000110101010101000
011001010101010000000000000000000000000000000101010101010101000000000010101001101000
001001100101010000000000000000000000000000010110100101100101100110000000101010011010
001010100110101000000000000000000000000000011010101010101010011001000000000010100000