0000000000000000000000000000000000000000000000000000000000000000
0000000000000000000000000000000000000000000000000000000000000000
0000000000000000000000000000000000000000000000000000000000000000
0000000000000000000000000000000000000000000000000000000000000000
0000000000000000000000000000000000000000000000000000000000000000
0000000000000000000000000000000000000000000000000000000000000000
0000000000000000000000000000000000000000000000000000000000000000
0000000000000000000000000000000000000000000000000000000000000000
0000000000000000000000000000111111111100000000000000000000000000
0000000000000000000000000011111111111111110000000000000000000000
0000000000000000000000000010101001010100000000000000000000000000
0000000000000000000000001001011010011001010100000000000000000000
0000000000000000000000001001011010010110010101000000000000000000
0000000000000000000000101010010101011010101000000000000000000000
0000000000000000000000000000010101010101010000000000000000000000
0000000000000000000000101010101111101000000001010000000000000000
0000000000000000010101101010101111111010100101010000000000000000
0000000000000000010101010010101101111111011001010000000000000000
0000000000000000010100000011111111111111110010000000000000000000
0000000000000000000000001111111111111111111010000000000000000000
0000000000000000000000111111111111111111111010000000000000000000
0000000000000000000010101011110000001111111010000000000000000000
0000000000000000000010101000000000000000000000000000000000000000
0000000000000000000000101010000000000000000000000000000000000000
0000000000000000000000000000000000000000000000000000000000000000
0000000000000000000000000000000000000000000000000000000000000000
0000000000000000000000000000000000000000000000000000000000000000
0000000000000000000000000000000000000000000000000000000000000000
0000000000000000000000000000000000000000000000000000000000000000
0000000000000000000000000000000000000000000000000000000000000000
0000000000000000000000000000000000000000000000000000000000000000
0000000000000000000000000000000000000000000000000000000000000000