0000000000000000000000000000000000000000000000000000000000000000
0000000000000000000000000000000000000000000000000000000000000000
0000000000000000000000000000000000000000000000000000000000000000
0000000000000000000000000000000000000000000000000000000000000000
0000000000000000000000000000000000000000000000000000000000000000
0000000000000000000000000000000000000000000000000000000000000000
0000000000000000000000000000000000000000000000000000000000000000
0000000000000000000000000000000000000000000000000000000000000000
0000000000000000000000000000111111111100000000000000000000000000
0000000000000000000000000011111111111111110000000000000000000000
0000000000000000000000000010101001010100000000000000000000000000
0000000000000000000000001001011010011001010100000000000000000000
0000000000000000000000001001011010010110010101000000000000000000
0000000000000000000000101010010101011010101000000000000000000000
0000000000000000000000000000010101010101010000000000000000000000
0000000000000000000000000010101010111000010000000000000000000000
0000000000000000000000000110101010101001010100000000000000000000
0000000000000000000000010111101010101001010000000000000000000000
0000000000000000000000101011111111111111000000000000000000000000
0000000000000000000000101111111111111111000000000000000000000000
0000000000000000000010101111111100111100000000000000000000000000
0000000000000000000010000000000010100000000000000000000000000000
0000000000000000000000000000000010101000000000000000000000000000
0000000000000000000000000000000000000000000000000000000000000000
0000000000000000000000000000000000000000000000000000000000000000
0000000000000000000000000000000000000000000000000000000000000000
0000000000000000000000000000000000000000000000000000000000000000
0000000000000000000000000000000000000000000000000000000000000000
0000000000000000000000000000000000000000000000000000000000000000
0000000000000000000000000000000000000000000000000000000000000000
0000000000000000000000000000000000000000000000000000000000000000
0000000000000000000000000000000000000000000000000000000000000000