0000000000000000000000000000000000000000000000000000000000000000
0000000000000000000000000000000000000000000000000000000000000000
0000000000000000000000000000000000000000000000000000000000000000
0000000000000000000000000000000000000000000000000000000000000000
0000000000000000000000000000000000000000000000000000000000000000
0000000000000000000000000000000000000000000000000000000000000000
0000000000000000000000000000000000000000000000000000000000000000
0000000000000000000000000000000000000000000000000000000000000000
0000000000000000000000000011111111110000000000000000000000000000
0000000000000000000000001111111111111111000000000000000000000000
0000000000000000000000001010100101010000000000000000000000000000
0000000000000000000000100101101001100101010000000000000000000000
0000000000000000000000100101101001011001010100000000000000000000
0000000000000000000010101001010101101010100000000000000000000000
0000000000000000000000000001010101010101000000000000000000000000
0000000000000000000000001010111010101000000000000000000000000000
0000000000000000000000101010111010111010101000000000000000000000
0000000000000000000010101010111010111010101010000000000000000000
0000000000000000000001011010111111111010010100000000000000000000
0000000000000000000001010111011111011101010100000000000000000000
0000000000000000000001011111111111111111010100000000000000000000
0000000000000000000000001111110000111111000000000000000000000000
0000000000000000000000101010000000001010100000000000000000000000
0000000000000000000010101010000000001010101000000000000000000000
0000000000000000000000000000000000000000000000000000000000000000
0000000000000000000000000000000000000000000000000000000000000000
0000000000000000000000000000000000000000000000000000000000000000
0000000000000000000000000000000000000000000000000000000000000000
0000000000000000000000000000000000000000000000000000000000000000
0000000000000000000000000000000000000000000000000000000000000000
0000000000000000000000000000000000000000000000000000000000000000
0000000000000000000000000000000000000000000000000000000000000000