0000000000000000000000000000000000000000000000000000000000000000
0000000000000000000000000000000000000000000000000000000000000000
0000000000000000000000000000000000000000000000000000000000000000
0000000000000000000000000000000000000000000000000000000000000000
0000000000000000000000000000000000000000000000000000000000000000
0000000000000000000000000000000000000000000000000000000000000000
0000000000000000000000000000000000000000000000000000000000000000
0000000000000000000000000000000000000000000000000000000000000000
0000000000000000000000000000000000010101010000000000000000000000
0000000000000000000000000000000101101010010000000000000000000000
0000000000000000000000000000011010100101010000000000000000000000
0000000000000000000000000001101001011111110100000000000000000000
0000000000000000000000000110100111111101010100000000000000000000
0000000000000000000000011010011111110110100100000000000000000000
0000000000000000000001101001111111110110100100000000000000000000
0000000000000000000001100111010111111101011101000000000000000000
0000000000000000000110100101101001111111111101000000000000000000
0000000000000000000110011101101001111111111101000000000000000000
0000000000000000000110011111010111111111111101010000000000000000
0000000000000000000101011111111111111101011111010000000000000000
0000000000000000000000000101010101110110100111010000000000000000
0000000000000000000000000000000001010101100111010000000000000000
0000000000000000000000000000000000000000010101010000000000000000
0000000000000000000000000000000000000000000000000000000000000000
0000000000000000000000000000000000000000000000000000000000000000
0000000000000000000000000000000000000000000000000000000000000000
0000000000000000000000000000000000000000000000000000000000000000
0000000000000000000000000000000000000000000000000000000000000000
0000000000000000000000000000000000000000000000000000000000000000
0000000000000000000000000000000000000000000000000000000000000000
0000000000000000000000000000000000000000000000000000000000000000
0000000000000000000000000000000000000000000000000000000000000000